----------------------------------------- DFP_GS Optimization Results -------------------------------------------
  k      rk                     xo                Iter. No.                  x                 Penalty(x)   f(x) 
_________________________________________________________________________________________________________________
  1  |  1.00  |  0.000    0.000    0.000    0.000 |   10  |  0.879    0.644    2.198   -1.364 |  46.644 |  45.674
  2  |  1.00  |  1.000    0.000    0.000    0.000 |    8  |  0.878    0.644    2.198   -1.364 |  46.644 |  45.673
  3  |  1.00  |  0.000    1.000    0.000    0.000 |   10  |  0.879    0.644    2.198   -1.364 |  46.644 |  45.673
  4  |  1.00  |  0.000    0.000    1.000    0.000 |   10  |  0.878    0.644    2.198   -1.364 |  46.644 |  45.674
  5  |  1.00  |  0.000    0.000    1.000    0.000 |   10  |  0.878    0.644    2.198   -1.364 |  46.644 |  45.674
  6  |  1.00  |  0.000    0.000    0.000    1.000 |   14  |  0.879    0.643    2.198   -1.364 |  46.644 |  45.673
_________________________________________________________________________________________________________________
